<KTH Shell>

('./par_nlg.out', 120, 6.6356520000000003, 1)
('./par_nlg.out', 120, 6.906879, 2)
('./par_nlg.out', 120, 7.0215680000000003, 3)
('./par_nlg.out', 120, 7.1209990000000003, 4)
('./par_nlg.out', 180, 10.765097000000001, 1)
('./par_nlg.out', 180, 10.588206, 2)
('./par_nlg.out', 180, 9.1330360000000006, 3)
('./par_nlg.out', 180, 9.9337389999999992, 4)
('./par_nlg.out', 240, 15.738244, 1)
('./par_nlg.out', 240, 14.88978, 2)
('./par_nlg.out', 240, 13.702691, 3)
('./par_nlg.out', 240, 13.239893, 4)
('./par_sq.out', 120, 13.792294999999999, 1)
('./par_sq.out', 120, 8.3339909999999993, 2)
('./par_sq.out', 120, 7.0577490000000003, 3)
('./par_sq.out', 120, 6.9642720000000002, 4)
('./par_sq.out', 180, 30.919129999999999, 1)
('./par_sq.out', 180, 16.681785999999999, 2)
('./par_sq.out', 180, 12.509850999999999, 3)
('./par_sq.out', 180, 10.286918, 4)
('./par_sq.out', 240, 54.972634999999997, 1)
('./par_sq.out', 240, 29.186340999999999, 2)
('./par_sq.out', 240, 27.993697999999998, 3)
('./par_sq.out', 240, 18.670895000000002, 4)
('./seq_sq.out', 120, 13.759906000000001, 1)
('./seq_sq.out', 180, 30.846284000000001, 1)
('./seq_sq.out', 240, 54.812840000000001, 1)
('./seq_nlg.out', 120, 6.4147290000000003, 1)
('./seq_nlg.out', 180, 10.448035000000001, 1)
('./seq_nlg.out', 240, 15.222167000000001, 1)

<Lenovo X250 w/ dual-core i3 + hyper-threading>
('./par_nlg.out', 120, 2.386097, 1)
('./par_nlg.out', 120, 2.720354, 2)
('./par_nlg.out', 120, 3.174221, 3)
('./par_nlg.out', 120, 3.484154, 4)
('./par_nlg.out', 180, 4.270851, 1)
('./par_nlg.out', 180, 4.490971, 2)
('./par_nlg.out', 180, 5.031048, 3)
('./par_nlg.out', 180, 6.069867, 4)
('./par_nlg.out', 240, 6.802512, 1)
('./par_nlg.out', 240, 6.301626, 2)
('./par_nlg.out', 240, 8.207197, 3)
('./par_nlg.out', 240, 6.441181, 4)
('./par_sq.out', 120, 4.556379, 1)
('./par_sq.out', 120, 3.33266, 2)
('./par_sq.out', 120, 3.323491, 3)
('./par_sq.out', 120, 3.296448, 4)
('./par_sq.out', 180, 10.302906, 1)
('./par_sq.out', 180, 8.160446, 2)
('./par_sq.out', 180, 7.060408, 3)
('./par_sq.out', 180, 6.107389, 4)
('./par_sq.out', 240, 18.357986, 1)
('./par_sq.out', 240, 12.030068, 2)
('./par_sq.out', 240, 11.911544, 3)
('./par_sq.out', 240, 9.87963, 4)
('./seq_sq.out', 120, 4.523169, 1)
('./seq_sq.out', 180, 10.363997, 1)
('./seq_sq.out', 240, 18.106595, 1)
('./seq_nlg.out', 120, 2.01212, 1)
('./seq_nlg.out', 180, 3.83345, 1)
('./seq_nlg.out', 240, 5.894773, 1)

